[admin]
loginAttempts = 0
lastFailedLoginTimestamp = 0.0000000
lastSuccessLoginTimestamp = 1749467883.9047966
firstFailedLoginTimestamp = 0.0000000
