[history/.dummy_history]
version = 8.2.0
modtime = 1749558900.376133000

[ui-prefs/search]
version = 8.2.0
modtime = 1749559237.006853400
